
/!/ CRASH /!/TOML
[LastKnownDump]
Where="Main_Z CloseProgram"
[Platform]
CmdLine=[]
[Engine]
ReportVersion=10
ExitApp=true
PlayerSessionID="DDD4E0D5-0F6F-434B-ACD0-E17CDD038431"
TimeUTC=2026-08-28T13:11:18Z
BuildVersion="1.2.0.0 (20260814_1010)"
UnscaledDeltaTimeMs=7.621
TimeSpentRunningMs=46305.823366
TimeSpentPauseOffMs=39220.166614
TimeSpentTurnedOnMs=46305.823366
AllocatedMem=3518201856
BucketMemUsed=512409328
BucketMemCommit=517013504
BucketMemBudget=6442450944
FrameCount=7959
IsMSIXVC=false
Purpose="[default purpose]"
[AsynchCheckHandles]
Status="Idle"
EndedXFramesAgo=4636
Duration=21
Restarts=0
FreedHandles=665
SafeShutFailedCount=0
CreatedHandlesDuringACH=248
CreatedHandlesSinceEnded=108
[Hardware]
Platform="PC"
Cpu="AuthenticAMD"
Brand="AMD Ryzen 9 9950X3D 16-Core Processor          "
DriverVersion="61057"
GPUName="NVIDIA GeForce RTX 5080"
HWS_Enabled=1
[Fibers]
Cancelled=false
NumCreated_TOTAL=0
NumExternalCreated=0
NumConverted=61
NumExternalConverted=0
NumCreatedFiberMgr=4
[Renderer]
EnableD3D12=true
Model="Nvidia"
VR_State="Inactive"
VideoMemoryBudget=12166496256
TexturesToDeleteCount=0
TexturesToDeleteTotalSize=0
ActiveRenderSystem=0
[Renderer_Textures]
Format="datasize,x,y,z,n,mips,fmt,minmipcommitted,purpose,crc"
0=[134217728,2048,2048,1,4,0,"BM_D32_FLOAT_S8X24_UINT",0,"NoTypeInfo",""]
1=[66355200,3840,2160,1,1,0,"BM_D32_FLOAT_S8X24_UINT",0,"[dont care]",""]
2=[66355200,3840,2160,1,1,0,"BM_D32_FLOAT_S8X24_UINT",0,"D3D12Renderer_Z",""]
3=[44236220,3840,2160,1,1,11,"BM_R11G11B10_FLOAT",0,"[MainRdr]PreDraw",""]
4=[44236220,3840,2160,1,1,11,"BM_R11G11B10_FLOAT",0,"[MainRdr]PreDraw",""]
5=[44236220,3840,2160,1,1,11,"BM_R11G11B10_FLOAT",0,"NoTypeInfo",""]
6=[44236220,3840,2160,1,1,11,"BM_R11G11B10_FLOAT",0,"NoTypeInfo",""]
7=[44236220,3840,2160,1,1,11,"BM_R11G11B10_FLOAT",0,"NoTypeInfo",""]
8=[33177600,3840,2160,1,1,0,"BM_R8G8B8A8_UNORM",0,"[dont care]",""]
9=[33177600,3840,2160,1,1,0,"BM_R8G8B8A8_UNORM",0,"[default purpose]",""]
10=[33177600,3840,2160,1,1,0,"BM_R8G8B8A8_UNORM",0,"[default purpose]",""]
11=[22369648,4096,4096,1,1,12,"BM_BC3_UNORM",0,"NoTypeInfo",""]
12=[22369648,4096,4096,1,1,12,"BM_BC3_UNORM",0,"NoTypeInfo",""]
13=[22369648,4096,4096,1,1,12,"BM_BC3_UNORM",0,"NoTypeInfo",""]
14=[22369648,4096,4096,1,1,12,"BM_BC3_UNORM",0,"NoTypeInfo",""]
15=[16588800,1920,1080,1,1,0,"BM_D32_FLOAT_S8X24_UINT",0,"NoTypeInfo",""]
[RawCallstackWin64]
0=["Byzance_Steam.x64.Submission.pdb","B7B7C25325AFFA438A8292B817C217BD",18,29036268]
1=["Byzance_Steam.x64.Submission.pdb","B7B7C25325AFFA438A8292B817C217BD",18,29048097]
2=["Byzance_Steam.x64.Submission.pdb","B7B7C25325AFFA438A8292B817C217BD",18,29047791]
3=["Byzance_Steam.x64.Submission.pdb","B7B7C25325AFFA438A8292B817C217BD",18,28919419]
4=["Byzance_Steam.x64.Submission.pdb","B7B7C25325AFFA438A8292B817C217BD",18,28939735]
5=["Byzance_Steam.x64.Submission.pdb","B7B7C25325AFFA438A8292B817C217BD",18,22598336]
6=["Byzance_Steam.x64.Submission.pdb","B7B7C25325AFFA438A8292B817C217BD",18,39465334]
7=["","C98549F2856103241C2C35FD01FE2406",1,71241]
8=["","8D42D913591B317C22916A4B6642B1CE",1,69135]
[MemoryTrace]
SystemMemory=32733995008
AllocatedMem=3518201856
PeakAllocMem=3769978880
GPUMem=3106734336
PhysicalMem=4109008896
SwapFile=-590807040
DataFormat="<Unavailable>"
[Byzance]
CurrentChapter="C_MENU"
CurrentLevel="MENU_FELONS"
LastCheckpointName=""
TimeSinceLastCheckpoint=39.333267
PlayerPosition="-136.005402; 69.447258; 1370.565308"
TimeSinceLastUpdateRes=39.333278
[Frames]
Version=6
LastFrames=64
LastSeconds=132
ExpectedFPS=60

Csv="""memoryKiB,texGpuKiB,memGpuKiB,frameCoherentKiB,nbFibers,
3435744,1878400,3033920,0,0,
3435744,1878400,3033920,0,0,
3435772,1878400,3033920,0,0,
3435744,1878400,3033920,0,0,
3435744,1878400,3033920,0,0,
3435744,1878400,3033920,0,0,
3435744,1878400,3033920,0,0,
3435744,1878400,3033920,0,0,
3435744,1878400,3033920,0,0,
3435772,1878400,3033920,0,0,
3435744,1878400,3033920,0,0,
3435744,1878400,3033920,0,0,
3435744,1878400,3033920,0,0,
3435744,1878400,3033920,0,0,
3435744,1878400,3033920,0,0,
3435744,1878400,3033920,0,0,
3435772,1878400,3033920,0,0,
3435744,1878400,3033920,0,0,
3435744,1878400,3033920,0,0,
3435744,1878400,3033920,0,0,
3435744,1878400,3033920,0,0,
3435744,1878400,3033920,0,0,
3435744,1878400,3033920,0,0,
3435744,1878400,3033920,0,0,
3435744,1878400,3033920,0,0,
3435744,1878400,3033920,0,0,
3435744,1878400,3033920,0,0,
3435744,1878400,3033920,0,0,
3435744,1878400,3033920,0,0,
3435744,1878400,3033920,0,0,
3435744,1878400,3033920,0,0,
3435744,1878400,3033920,0,0,
3435744,1878400,3033920,0,0,
3435744,1878400,3033920,0,0,
3435744,1878400,3033920,0,0,
3435744,1878400,3033920,0,0,
3435744,1878400,3033920,0,0,
3435744,1878400,3033920,0,0,
3435744,1878400,3033920,0,0,
3435744,1878400,3033920,0,0,
3435744,1878400,3033920,0,0,
3435744,1878400,3033920,0,0,
3435744,1878400,3033920,0,0,
3435744,1878400,3033920,0,0,
3435744,1878400,3033920,0,0,
3435744,1878400,3033920,0,0,
3435744,1878400,3033920,0,0,
3435744,1878400,3033920,0,0,
3435744,1878400,3033920,0,0,
3435744,1878400,3033920,0,0,
3435744,1878400,3033920,0,0,
3435744,1878400,3033920,0,0,
3435744,1878400,3033920,0,0,
3435744,1878400,3033920,0,0,
3435744,1878400,3033920,0,0,
3435744,1878400,3033920,0,0,
3435744,1878400,3033920,0,0,
3435744,1878400,3033920,0,0,
3435744,1878400,3033920,0,0,
3435744,1878400,3033920,0,0,
3435744,1878400,3033920,0,0,
3435772,1878400,3033920,0,0,
3435744,1878400,3033920,0,0,
3435744,1878400,3033920,0,0,
3435744,1878400,3033920,0,0,
3435652,1878400,3033920,0,0,
3435428,1878400,3033920,0,0,
3435244,1878400,3033920,0,0,
3435136,1878400,3033920,0,0,
3435432,1877952,3033920,0,0,
3435432,1877952,3033920,0,0,
3435432,1877952,3033920,0,0,
3435432,1877952,3033920,0,0,
3435240,1877952,3033920,0,0,
3435240,1877952,3033920,0,0,
3435240,1877952,3033920,0,0,
3435916,1877952,3033920,0,0,
3435916,1877952,3033920,0,0,
3435916,1877952,3033920,0,0,
3435916,1877952,3033920,0,0,
3435916,1877952,3033920,0,0,
3435712,1880704,3033920,0,0,
3435948,1880704,3033920,0,0,
3435908,1880704,3033920,0,0,
3433240,1879872,3033920,0,0,
3434304,1879872,3033920,0,0,
3434144,1879872,3033920,0,0,
3433620,1879872,3033920,0,0,
3433620,1879872,3033920,0,0,
3433492,1880704,3033920,0,0,
3433544,1880576,3033920,0,0,
3433584,1879808,3033920,0,0,
3433576,1882560,3033920,0,0,
3433576,1882560,3033920,0,0,
3433508,1882560,3033920,0,0,
3396328,1881664,3033920,0,0,
3396396,1881600,3033920,0,0,
3438332,1872640,3033920,0,0,
3399364,1873472,3033920,0,0,
3399368,1876224,3033920,0,0,
3399176,1876224,3033920,0,0,
3399172,1876224,3033920,0,0,
3399172,1876224,3033920,0,0,
3399168,1878976,3033920,0,0,
3399308,1878976,3033920,0,0,
3399412,1878720,3033920,0,0,
3399900,1877696,3033920,0,0,
3400036,1879424,3033920,0,0,
3387748,1879232,3033920,0,0,
3359728,1879232,3033920,0,0,
3352668,1881984,3033920,0,0,
3349692,1881984,3033920,0,0,
3349332,1881984,3033920,0,0,
3409244,1891584,3130176,0,0,
3409236,1891584,3130176,0,0,
3410560,1894336,3130176,0,0,
3419648,1894336,3130176,0,0,
3419640,1897088,3130176,0,0,
3419508,1897088,3130176,0,0,
3422576,1899840,3130176,0,0,
3416060,1902592,3130176,0,0,
3379192,1902592,3130176,0,0,
3354356,1905344,3130176,0,0,
3338524,1906240,3117888,0,0,
3338524,1908992,3117888,0,0,
3375156,1911744,3117888,0,0,
3338512,1911744,3117888,0,0,
3334820,1911744,3117888,0,0,
3334204,1911744,3117888,0,0,
3334168,1911744,3117888,0,0,
3333976,1911744,3117888,0,0,
3315720,1911744,3115264,0,0,
3313100,1911744,3082496,0,0,
3313088,1911744,3082496,0,0,
3315688,1911744,3082496,0,0,
3318096,1911744,3082432,0,0,
3302316,1911744,3082432,0,0,
3297732,1918656,3079744,0,0,
3290956,2001856,3071680,0,0,
3668000,1571904,2675776,0,0,
3115760,232000,754688,0,0,
3321176,231872,754688,0,1,
3215932,231872,754688,0,1,
3116892,231872,754688,0,1,
3043836,231872,754688,0,1,
3009084,231872,754688,0,1,
2967996,231872,754688,0,1,
2943092,231872,754688,0,1,
2904408,231872,754688,0,1,
2872736,231872,754688,0,1,
2836096,231872,754688,0,1,
2826184,231872,754688,0,1,
2805120,231872,752064,0,1,
2778940,231872,752064,0,1,
2706860,209088,686528,0,1,
2795932,209088,686528,0,1,
2778780,209088,686528,0,1,
2667900,209088,620992,0,1,
2550136,209088,588224,0,1,
2550116,209088,588224,0,1,
2525372,209088,588224,0,1,
2497740,209088,588224,0,1,
2468284,209088,588224,0,1,
2441936,209088,588224,0,1,
2668288,207104,588224,0,1,
2419288,206144,588224,0,1,
2338016,206144,588224,0,1,
2140604,206144,551360,0,1,
1994828,206144,551360,0,1,
1853368,206144,543168,0,1,
1813584,206144,543168,0,1,
1772040,206144,543168,0,1,
1728564,206144,543168,0,1,
1686148,206144,543168,0,1,
1640092,206144,543168,0,1,
1611248,206144,543168,0,1,
1547408,206144,543168,0,1,
1521812,206144,543168,0,1,
1503780,206144,543104,0,3,
1480856,206144,543104,0,3,
1457132,206144,543104,0,3,
1436620,206144,543104,0,3,
1402752,206144,543104,0,3,
1373760,206144,543104,0,3,
1350668,206144,543104,0,3,
1316316,206144,543104,0,3,
1293812,206144,543104,0,3,
1265272,206144,543104,0,3,
1234356,206144,543104,0,3,
1205752,206144,543104,0,3,
1178352,206144,542528,0,3,
1144320,206144,542528,0,3,
1112288,206144,542528,0,3,
1085396,206144,542528,0,3,
920128,197504,448320,0,3,
854888,72256,150720,0,0,
"""
