
/!/ CRASH /!/TOML
[LastKnownDump]
Where="Main_Z CloseProgram"
[Platform]
CmdLine=[]
[Engine]
ReportVersion=10
ExitApp=true
PlayerSessionID="C1938F7C-D35D-4ADC-A20D-09287B9891B1"
TimeUTC=2026-08-28T13:09:01Z
BuildVersion="1.2.0.0 (20260814_1010)"
UnscaledDeltaTimeMs=8.1954
TimeSpentRunningMs=3991477.783266
TimeSpentPauseOffMs=2702909.3675
TimeSpentTurnedOnMs=3991477.783266
AllocatedMem=6006734848
BucketMemUsed=762048384
BucketMemCommit=784007168
BucketMemBudget=6442450944
FrameCount=511155
IsMSIXVC=false
Purpose="[default purpose]"
[AsynchCheckHandles]
Status="Idle"
EndedXFramesAgo=1245
Duration=9
Restarts=0
FreedHandles=3412
SafeShutFailedCount=0
CreatedHandlesDuringACH=13
CreatedHandlesSinceEnded=26
[Hardware]
Platform="PC"
Cpu="AuthenticAMD"
Brand="AMD Ryzen 9 9950X3D 16-Core Processor          "
DriverVersion="61057"
GPUName="NVIDIA GeForce RTX 5080"
HWS_Enabled=1
[Fibers]
Cancelled=false
NumCreated_TOTAL=-27
NumExternalCreated=0
NumConverted=88
NumExternalConverted=0
NumCreatedFiberMgr=4
[Renderer]
EnableD3D12=true
Model="Nvidia"
VR_State="Inactive"
VideoMemoryBudget=13032292352
TexturesToDeleteCount=0
TexturesToDeleteTotalSize=0
ActiveRenderSystem=0
[Renderer_Textures]
Format="datasize,x,y,z,n,mips,fmt,minmipcommitted,purpose,crc"
0=[208755360,208755360,1,1,1,0,"BM_R8_UNORM",-1,"[default purpose]",""]
1=[134217728,2048,2048,1,4,0,"BM_D32_FLOAT_S8X24_UINT",0,"NoTypeInfo",""]
2=[97039616,97039620,1,1,1,0,"BM_R8_UNORM",-1,"[default purpose]",""]
3=[66355200,3840,2160,1,1,0,"BM_D32_FLOAT_S8X24_UINT",0,"[dont care]",""]
4=[66355200,3840,2160,1,1,0,"BM_D32_FLOAT_S8X24_UINT",0,"D3D12Renderer_Z",""]
5=[44236220,3840,2160,1,1,11,"BM_R11G11B10_FLOAT",0,"[MainRdr]PreDraw",""]
6=[44236220,3840,2160,1,1,11,"BM_R11G11B10_FLOAT",0,"[MainRdr]PreDraw",""]
7=[44236220,3840,2160,1,1,11,"BM_R11G11B10_FLOAT",0,"NoTypeInfo",""]
8=[44236220,3840,2160,1,1,11,"BM_R11G11B10_FLOAT",0,"NoTypeInfo",""]
9=[44236220,3840,2160,1,1,11,"BM_R11G11B10_FLOAT",0,"NoTypeInfo",""]
10=[33177600,3840,2160,1,1,0,"BM_R11G11B10_FLOAT",0,"[MainRdr]PreDraw",""]
11=[33177600,3840,2160,1,1,0,"BM_R11G11B10_FLOAT",0,"[MainRdr]PreDraw",""]
12=[33177600,3840,2160,1,1,0,"BM_R8G8B8A8_UNORM",0,"[dont care]",""]
13=[33177600,3840,2160,1,1,0,"BM_R8G8B8A8_UNORM",0,"[default purpose]",""]
14=[33177600,3840,2160,1,1,0,"BM_R8G8B8A8_UNORM",0,"[default purpose]",""]
15=[25165824,25165824,1,1,1,0,"BM_R8_UNORM",-1,"PrimitiveBufferPool",""]
[RawCallstackWin64]
0=["Byzance_Steam.x64.Submission.pdb","B7B7C25325AFFA438A8292B817C217BD",18,29036268]
1=["Byzance_Steam.x64.Submission.pdb","B7B7C25325AFFA438A8292B817C217BD",18,29048097]
2=["Byzance_Steam.x64.Submission.pdb","B7B7C25325AFFA438A8292B817C217BD",18,29047791]
3=["Byzance_Steam.x64.Submission.pdb","B7B7C25325AFFA438A8292B817C217BD",18,28919419]
4=["Byzance_Steam.x64.Submission.pdb","B7B7C25325AFFA438A8292B817C217BD",18,28939735]
5=["Byzance_Steam.x64.Submission.pdb","B7B7C25325AFFA438A8292B817C217BD",18,22598336]
6=["Byzance_Steam.x64.Submission.pdb","B7B7C25325AFFA438A8292B817C217BD",18,39465334]
7=["","C98549F2856103241C2C35FD01FE2406",1,71241]
8=["","8D42D913591B317C22916A4B6642B1CE",1,69135]
[MemoryTrace]
SystemMemory=32733995008
AllocatedMem=6006734848
PeakAllocMem=7000424448
GPUMem=7987986688
PhysicalMem=6860677120
SwapFile=-853942272
DataFormat="<Unavailable>"
[Byzance]
CurrentChapter="C_ABYSS"
CurrentLevel="ABYSS"
LastCheckpointName=""
TimeSinceLastCheckpoint=9.224138
PlayerPosition="25.036915; -112.988396; -19.169806"
TimeSinceLastUpdateRes=2688.63208
[Frames]
Version=6
LastFrames=64
LastSeconds=256
ExpectedFPS=60

Csv="""memoryKiB,texGpuKiB,memGpuKiB,frameCoherentKiB,nbFibers,
5865952,4426752,7800768,0,-27,
5865868,4426752,7800768,0,-27,
5865868,4426752,7800768,0,-27,
5865868,4426752,7800768,0,-27,
5865868,4426752,7800768,0,-27,
5865868,4426752,7800768,0,-27,
5865868,4426752,7800768,0,-27,
5865868,4426752,7800768,0,-27,
5865868,4426752,7800768,0,-27,
5865868,4426752,7800768,0,-27,
5865868,4426752,7800768,0,-27,
5865868,4426752,7800768,0,-27,
5865868,4426752,7800768,0,-27,
5865868,4426752,7800768,0,-27,
5865868,4426752,7800768,0,-27,
5865868,4426752,7800768,0,-27,
5865868,4426752,7800768,0,-27,
5865868,4426752,7800768,0,-27,
5865868,4426752,7800768,0,-27,
5865868,4426752,7800768,0,-27,
5865868,4426752,7800768,0,-27,
5865932,4426752,7800768,0,-27,
5865868,4429504,7800768,0,-27,
5865868,4429504,7800768,0,-27,
5865868,4429504,7800768,0,-27,
5865868,4429504,7800768,0,-27,
5865868,4429504,7800768,0,-27,
5865868,4429504,7800768,0,-27,
5865868,4429504,7800768,0,-27,
5865868,4429504,7800768,0,-27,
5865868,4429504,7800768,0,-27,
5865872,4429504,7800768,0,-27,
5865868,4429504,7800768,0,-27,
5865904,4429504,7800768,0,-27,
5865868,4429504,7800768,0,-27,
5865868,4429504,7800768,0,-27,
5865868,4429504,7800768,0,-27,
5865868,4429504,7800768,0,-27,
5865868,4429504,7800768,0,-27,
5865868,4429504,7800768,0,-27,
5865868,4429504,7800768,0,-27,
5865868,4429504,7800768,0,-27,
5865868,4429504,7800768,0,-27,
5865868,4429504,7800768,0,-27,
5865868,4429504,7800768,0,-27,
5865868,4429504,7800768,0,-27,
5865868,4429504,7800768,0,-27,
5865868,4429504,7800768,0,-27,
5865868,4429504,7800768,0,-27,
5865868,4429504,7800768,0,-27,
5865868,4429504,7800768,0,-27,
5865868,4429504,7800768,0,-27,
5865868,4429504,7800768,0,-27,
5865868,4429504,7800768,0,-27,
5865868,4429504,7800768,0,-27,
5865868,4429504,7800768,0,-27,
5865868,4429504,7800768,0,-27,
5865868,4429504,7800768,0,-27,
5865868,4429504,7800768,0,-27,
5865868,4429504,7800768,0,-27,
5865868,4429504,7800768,0,-27,
5865868,4429504,7800768,0,-27,
5865868,4429504,7800768,0,-27,
5865868,4429504,7800768,0,-27,
5865868,4429504,7800768,0,-27,
5865928,4429504,7800768,0,-27,
5872892,4420928,7800768,0,-27,
5872892,4420928,7800768,0,-27,
5873048,4420928,7800768,0,-27,
5873048,4379968,7750976,0,-27,
5873848,4379968,7750976,0,-27,
5873672,4368960,7800768,0,-27,
5873628,4440192,7800768,0,-27,
5874348,4399232,7750976,0,-27,
5876264,4399552,7750976,0,-27,
5877332,4389824,7750976,0,-27,
5875688,4382976,7750976,0,-27,
5873688,4385728,7750976,0,-27,
5875296,4390080,7750976,0,-27,
5875776,4390400,7750976,0,-27,
5875012,4399552,7750976,0,-27,
5873856,4399552,7750976,0,-27,
5874920,4360256,7750976,0,-27,
5875372,4360256,7750976,0,-27,
5946424,4521920,7750976,0,-27,
5946356,4521920,7750976,0,-27,
5946468,4525376,7750976,0,-27,
5946176,4525376,7750976,0,-27,
5958372,4525376,7750976,0,-27,
5970180,4528128,7750976,0,-27,
5942908,4528128,7750976,0,-27,
5938732,4555072,7750976,0,-27,
5947080,4576384,7750976,0,-27,
5949656,4572864,7750976,0,-27,
5952632,4565696,7750976,0,-27,
5952468,4565696,7750976,0,-27,
5952532,4614144,7800768,0,-27,
5951180,4588480,7800768,0,-27,
5992596,4564352,7800768,0,-27,
6034640,4591872,7800768,0,-27,
6084336,4590464,7800768,0,-27,
6084616,4598336,7800768,0,-27,
6075816,4598720,7800768,0,-27,
6067824,4598720,7800768,0,-27,
6049308,4595904,7800768,0,-27,
5973204,4573504,7800768,0,-27,
5934140,4572736,7800768,0,-27,
5941548,4589312,7800768,0,-27,
5954860,4636480,7800768,0,-27,
5968696,4639232,7800768,0,-27,
5963304,4626752,7800768,0,-27,
5945792,4626752,7800768,0,-27,
5976864,4645760,7800768,0,-27,
6003552,4625984,7804864,0,-27,
5985740,4613824,7796672,0,-27,
5994424,4566592,7746880,0,-27,
5987984,4566592,7746880,0,-27,
5987900,4569344,7746880,0,-27,
5987244,4564224,7763264,0,-27,
6014536,4564224,7763264,0,-27,
6053528,4569728,7763264,0,-27,
6090960,4577984,7763264,0,-27,
6243028,4433600,7763264,0,-27,
6300100,4348608,7763264,0,-27,
6230272,4310592,7763264,0,-27,
6179400,4309696,7763264,0,-27,
6144872,4590784,7775552,0,-27,
6178896,4602496,7775552,0,-27,
6201068,4602752,7775552,0,-27,
6213864,4603072,7775552,0,-27,
6234928,4589312,7775552,0,-27,
6199508,4520320,7775552,0,-27,
6236184,4457920,7759168,0,-27,
5896764,4286272,7756608,0,-26,
5348628,4104128,7756608,0,-26,
5391652,4104448,7756608,0,-26,
5453824,4104448,7756608,0,-26,
5373144,4096192,7756608,0,-26,
5345756,4096192,7756608,0,-26,
5346460,4096576,7756608,0,-26,
5345020,4092416,7756608,0,-26,
5344260,4092416,7756608,0,-26,
5345496,4044928,7756608,0,-26,
5344208,4033600,7756608,0,-26,
5344068,4074560,7806400,0,-26,
5344068,4074560,7806400,0,-26,
5344068,4074560,7806400,0,-26,
5344068,4074560,7806400,0,-26,
5344068,4074560,7806400,0,-26,
5344068,4074560,7806400,0,-26,
5344068,4074560,7806400,0,-26,
5344068,4074560,7806400,0,-26,
5344068,4074560,7806400,0,-26,
5344068,4074560,7806400,0,-26,
5344068,4074560,7806400,0,-26,
5344068,4074560,7806400,0,-26,
5344068,4074560,7806400,0,-26,
5344068,4074560,7806400,0,-26,
5344068,4074560,7806400,0,-26,
5344068,4074560,7806400,0,-26,
5344068,4074560,7806400,0,-26,
5344068,4074560,7806400,0,-26,
5344068,4074560,7806400,0,-26,
5344068,4074560,7806400,0,-26,
5344068,4074560,7806400,0,-26,
5344068,4074560,7806400,0,-26,
5344068,4074560,7806400,0,-26,
5344068,4074560,7806400,0,-26,
5344068,4074560,7806400,0,-26,
5344068,4074560,7806400,0,-26,
5344068,4074560,7806400,0,-26,
5344068,4074560,7806400,0,-26,
5344068,4074560,7806400,0,-26,
5344068,4074560,7806400,0,-26,
5344068,4074560,7806400,0,-26,
5344068,4074560,7806400,0,-26,
5344068,4074560,7806400,0,-26,
5344068,4074560,7806400,0,-26,
5344068,4074560,7806400,0,-26,
5344068,4074560,7806400,0,-26,
5344068,4074560,7806400,0,-26,
5344068,4074560,7806400,0,-26,
5344068,4074560,7806400,0,-26,
5344068,4074560,7806400,0,-26,
5344068,4074560,7806400,0,-26,
5344068,4074560,7806400,0,-26,
5344068,4074560,7806400,0,-26,
5344068,4074560,7806400,0,-26,
5344068,4074560,7806400,0,-26,
5344068,4074560,7806400,0,-26,
5344068,4074560,7806400,0,-26,
5344068,4074560,7806400,0,-26,
5344068,4074560,7806400,0,-26,
5345088,4074560,7806400,0,-26,
5345088,4074560,7806400,0,-26,
5345088,4074560,7806400,0,-26,
5345088,4074560,7806400,0,-26,
5345088,4074560,7806400,0,-26,
5345088,4074560,7806400,0,-26,
5345088,4074560,7806400,0,-26,
5345088,4074560,7806400,0,-26,
5345088,4074560,7806400,0,-26,
5345088,4074560,7806400,0,-26,
5345088,4074560,7806400,0,-26,
5345084,4074560,7806400,0,-26,
5345084,4074560,7806400,0,-26,
5345084,4074560,7806400,0,-26,
5345084,4074560,7806400,0,-26,
5345084,4074560,7806400,0,-26,
5345084,4074560,7806400,0,-26,
5345084,4074560,7806400,0,-26,
5345084,4074560,7806400,0,-26,
5345084,4074560,7806400,0,-26,
5345084,4074560,7806400,0,-26,
5345084,4074560,7806400,0,-26,
5345084,4074560,7806400,0,-26,
5345084,4074560,7806400,0,-26,
5345084,4074560,7806400,0,-26,
5345084,4074560,7806400,0,-26,
5345084,4074560,7806400,0,-26,
5345084,4074560,7806400,0,-26,
5345084,4074560,7806400,0,-26,
5345084,4074560,7806400,0,-26,
5345084,4074560,7806400,0,-26,
5345084,4074560,7806400,0,-26,
5345084,4074560,7806400,0,-26,
5345084,4074560,7806400,0,-26,
5345084,4074560,7806400,0,-26,
5345084,4074560,7806400,0,-26,
5345080,4074560,7806400,0,-26,
5345080,4074560,7806400,0,-26,
5345080,4074560,7806400,0,-26,
5345080,4074560,7806400,0,-26,
5345080,4074560,7806400,0,-26,
5345080,4074560,7806400,0,-26,
5345080,4074560,7806400,0,-26,
5345080,4074560,7806400,0,-26,
5345080,4074560,7806400,0,-26,
5345080,4074560,7806400,0,-26,
5345080,4074560,7806400,0,-26,
5345080,4074560,7806400,0,-26,
5345080,4074560,7806400,0,-26,
5345080,4074560,7806400,0,-26,
5345080,4074560,7806400,0,-26,
5345080,4074560,7806400,0,-26,
5345080,4074560,7806400,0,-26,
5345080,4074560,7806400,0,-26,
5345080,4074560,7806400,0,-26,
5345080,4074560,7806400,0,-26,
5345080,4074560,7806400,0,-26,
5345080,4074560,7806400,0,-26,
5345080,4074560,7806400,0,-26,
5345080,4074560,7806400,0,-26,
5345080,4074560,7806400,0,-26,
5345080,4074560,7806400,0,-26,
5345080,4074560,7806400,0,-26,
5345080,4074560,7806400,0,-26,
5345080,4074560,7806400,0,-26,
5345080,4074560,7806400,0,-26,
5345080,4074560,7806400,0,-26,
5345080,4074560,7806400,0,-26,
5345080,4074560,7806400,0,-26,
5345080,4074560,7806400,0,-26,
5345080,4074560,7806400,0,-26,
5345080,4074560,7806400,0,-26,
5345080,4074560,7806400,0,-26,
5345080,4074560,7806400,0,-26,
5345080,4074560,7806400,0,-26,
5345080,4074560,7806400,0,-26,
5345080,4074560,7806400,0,-26,
5345080,4074560,7806400,0,-26,
5345080,4074560,7806400,0,-26,
5345080,4074560,7806400,0,-26,
5345080,4074560,7806400,0,-26,
5345080,4074560,7806400,0,-26,
5345080,4074560,7806400,0,-26,
5345080,4074560,7806400,0,-26,
5345080,4074560,7806400,0,-26,
5345080,4074560,7806400,0,-26,
5345080,4074560,7806400,0,-26,
5345080,4074560,7806400,0,-26,
5345080,4074560,7806400,0,-26,
5345080,4074560,7806400,0,-26,
5345080,4074560,7806400,0,-26,
5345080,4074560,7806400,0,-26,
5345080,4074560,7806400,0,-26,
5345080,4074560,7806400,0,-26,
5345080,4074560,7806400,0,-26,
5345080,4074560,7806400,0,-26,
5345080,4074560,7806400,0,-26,
5345080,4074560,7806400,0,-26,
5345080,4074560,7806400,0,-26,
5345080,4074560,7806400,0,-26,
5345080,4074560,7806400,0,-26,
5345080,4074560,7806400,0,-26,
5345080,4074560,7806400,0,-26,
5345080,4074560,7806400,0,-26,
5345080,4074560,7806400,0,-26,
5345080,4074560,7806400,0,-26,
5345080,4074560,7806400,0,-26,
5345080,4074560,7806400,0,-26,
5345080,4074560,7806400,0,-26,
5345080,4074560,7806400,0,-26,
5345080,4074560,7806400,0,-26,
5345080,4074560,7806400,0,-26,
5345080,4074560,7806400,0,-26,
5345080,4074560,7806400,0,-26,
5345080,4074560,7806400,0,-26,
5345080,4074560,7806400,0,-26,
5345080,4074560,7806400,0,-26,
5345080,4074560,7806400,0,-26,
5345080,4074560,7806400,0,-26,
5345080,4074560,7806400,0,-26,
5345080,4074560,7806400,0,-26,
5345080,4074560,7806400,0,-26,
5345080,4074560,7806400,0,-26,
5345080,4074560,7806400,0,-26,
5345080,4074560,7806400,0,-26,
5345080,4074560,7806400,0,-26,
5865868,4426752,7800768,0,-27,
"""
